Archivio estrazioni SuperEnalotto Anno 2025 (dal 1997)
Data	SERIE							JOLLY	Superstar
2025-04-05	05	08	22	41	60	73		18	54
2025-04-04	42	51	71	77	80	82		72	05
2025-04-03	29	30	31	32	35	57		26	06
2025-04-01	04	19	32	47	74	81		10	90
2025-03-29	09	45	66	68	71	85		31	44
2025-03-28	17	26	46	56	71	90		06	22
2025-03-27	28	35	43	45	64	85		13	35
2025-03-25	27	29	31	60	74	88		71	23
2025-03-22	15	28	45	46	66	76		44	43
2025-03-21	07	15	48	49	65	80		67	39
2025-03-20	36	40	49	54	66	83		14	44
2025-03-18	01	64	73	79	80	86		39	68
2025-03-15	02	08	50	77	79	82		85	36
2025-03-14	03	10	20	36	37	49		21	14
2025-03-13	07	25	33	51	58	70		79	31
2025-03-11	22	27	48	55	58	90		63	11
2025-03-08	11	16	35	59	65	87		09	52
2025-03-07	11	24	25	30	43	47		28	05
2025-03-06	01	10	18	19	32	36		20	53
2025-03-04	09	28	52	63	77	79		11	39
2025-03-01	01	12	33	40	41	83		06	67
2025-02-28	04	12	37	59	63	90		70	15
2025-02-27	29	31	33	42	51	72		34	62
2025-02-25	06	58	68	83	89	90		73	50
2025-02-22	35	40	48	49	52	89		24	32
2025-02-21	21	45	48	72	79	87		73	89
2025-02-20	06	19	27	63	71	77		13	70
2025-02-18	03	05	07	54	76	85		89	64
2025-02-15	22	37	48	72	77	85		39	72
2025-02-14	18	30	40	52	60	71		65	70
2025-02-13	31	41	62	64	74	87		84	68
2025-02-11	09	39	55	75	79	86		02	56
2025-02-08	29	46	57	66	72	86		64	40
2025-02-07	16	29	30	47	52	84		10	17
2025-02-06	04	11	41	72	83	86		30	30
2025-02-04	10	29	41	77	83	85		56	80
2025-02-01	21	25	26	45	49	59		68	82
2025-01-31	07	18	22	25	30	72		76	51
2025-01-30	23	32	34	35	41	47		65	02
2025-01-28	48	63	65	72	77	82		85	47
2025-01-25	05	06	24	44	45	76		58	64
2025-01-24	14	20	46	62	84	85		01	78
2025-01-23	01	07	34	46	69	80		64	42
2025-01-21	03	18	41	58	62	73		64	20
2025-01-18	02	10	21	29	46	70		31	59
2025-01-17	08	12	15	40	66	89		07	15
2025-01-16	31	38	59	69	72	88		64	73
2025-01-14	04	15	17	40	64	75		23	80
2025-01-11	05	06	11	22	35	85		30	53
2025-01-10	19	25	33	49	57	72		46	38
2025-01-09	15	33	40	71	74	82		89	15
2025-01-07	07	10	11	29	32	87		34	51
2025-01-04	31	42	43	63	83	86		37	86
2025-01-03	13	30	43	49	74	89		04	32
2025-01-02	19	21	29	74	77	88		07	56
2024-12-31	05	16	23	40	47	80		17	13
2024-12-30	03	08	18	25	58	75		12	54
2024-12-28	28	29	46	68	81	88		79	40
2024-12-27	09	13	15	43	53	68		58	69
2024-12-24	06	18	27	30	52	56		83	80
2024-12-21	23	25	53	55	71	79		63	06
2024-12-20	17	35	43	56	63	85		23	74
2024-12-19	02	04	08	20	22	76		72	60
2024-12-17	03	25	49	58	64	66		46	77
2024-12-14	34	50	52	59	70	83		13	74
2024-12-13	16	42	54	55	65	83		27	90
2024-12-12	20	61	76	78	85	87		44	72
2024-12-10	05	54	68	69	71	81		30	56
2024-12-07	21	30	55	60	70	75		13	25
2024-12-06	21	48	60	61	67	71		86	22
2024-12-05	04	42	45	72	82	84		25	10
2024-12-03	04	17	37	56	73	90		46	11
2024-11-30	27	48	50	69	74	81		13	36
2024-11-29	21	33	44	55	75	80		53	64
2024-11-28	03	08	37	54	74	84		26	26
2024-11-26	13	23	26	31	46	89		43	24
2024-11-23	15	22	29	32	35	67		87	23
2024-11-22	06	26	51	53	78	89		79	70
2024-11-21	04	07	20	24	41	67		85	35
2024-11-19	20	34	36	68	72	74		44	49
2024-11-16	52	56	66	68	70	73		90	12
2024-11-15	02	04	05	42	53	83		23	43
2024-11-14	36	46	69	70	73	82		26	84
2024-11-12	13	28	29	32	39	81		82	36
2024-11-09	26	36	43	51	63	89		21	57
2024-11-08	13	22	49	58	64	75		20	16
2024-11-07	01	50	68	75	81	84		08	25
2024-11-05	32	43	53	75	77	88		81	79
2024-11-04	27	32	33	44	60	89		52	05
2024-11-02	03	19	27	43	61	77		80	41
2024-10-31	18	40	55	58	71	85		46	46
2024-10-29	06	17	26	35	57	64		14	23
2024-10-26	14	31	40	42	52	65		15	69
2024-10-25	05	11	39	41	62	80		78	33
2024-10-24	07	21	23	28	29	31		20	66
2024-10-22	13	23	37	43	64	79		84	20
2024-10-19	14	67	73	86	89	90		08	77
2024-10-18	19	39	41	42	45	88		40	27
2024-10-17	02	23	24	42	46	88		61	27
2024-10-15	01	23	44	45	47	60		14	19
2024-10-12	11	13	16	22	42	51		37	47
2024-10-11	31	34	49	66	75	88		01	16
2024-10-10	06	48	64	80	87	89		43	82
2024-10-08	06	21	25	59	63	68		08	70
2024-10-05	13	41	47	58	81	84		04	81
2024-10-04	05	43	57	58	72	87		03	72
2024-10-03	26	27	40	51	67	86		04	82
2024-10-01	57	60	68	70	80	83		25	64
2024-09-28	04	08	28	33	34	57		27	88
2024-09-27	04	14	42	46	53	60		31	85
2024-09-26	02	13	14	41	52	79		84	12
2024-09-24	02	25	27	50	88	90		19	86
2024-09-21	08	33	35	39	78	83		52	72
2024-09-20	14	22	42	44	47	79		85	29
2024-09-19	03	13	44	45	56	61		33	34
2024-09-17	17	28	62	64	74	84		88	90
2024-09-14	01	31	55	65	76	88		52	34
2024-09-13	02	12	16	18	59	61		56	04
2024-09-12	29	35	65	67	70	80		10	79
2024-09-10	09	11	27	53	63	78		08	88
2024-09-07	01	16	64	70	72	82		34	86
2024-09-06	02	26	37	38	69	85		66	10
2024-09-05	04	05	29	32	69	89		15	46
2024-09-03	06	38	55	71	80	85		23	24
2024-08-31	01	20	27	41	60	77		07	43
2024-08-30	07	34	47	52	74	86		78	07
2024-08-29	05	23	46	52	60	80		79	54
2024-08-27	12	23	36	42	50	71		80	40
2024-08-24	17	28	63	72	75	81		79	51
2024-08-23	05	07	59	70	72	73		33	04
2024-08-22	17	18	24	34	57	82		68	21
2024-08-20	17	23	45	57	64	89		15	31
2024-08-19	04	07	15	24	36	78		65	85
2024-08-17	06	22	43	60	66	73		31	31
2024-08-16	01	06	13	20	73	85		11	73
2024-08-13	41	43	55	65	80	85		76	74
2024-08-10	13	14	49	55	71	77		62	32
2024-08-09	23	40	60	79	80	87		50	69
2024-08-08	03	16	17	54	61	90		04	21
2024-08-06	04	11	85	86	87	88		38	02
2024-08-03	06	37	69	73	79	88		04	07
2024-08-02	34	42	69	76	81	85		36	49
2024-08-01	33	39	78	79	83	84		60	88
2024-07-30	11	13	22	34	54	77		35	72
2024-07-27	13	14	25	34	59	84		71	17
2024-07-26	01	14	21	35	64	85		70	05
2024-07-25	02	21	23	56	69	87		52	42
2024-07-23	24	59	63	64	82	90		62	24
2024-07-20	45	48	50	57	70	71		80	52
2024-07-19	13	20	39	48	74	89		47	50
2024-07-18	13	23	35	36	57	64		47	05
2024-07-16	03	18	26	54	61	72		85	30
2024-07-13	06	09	54	63	64	68		43	84
2024-07-12	43	54	60	70	75	89		30	20
2024-07-11	10	31	40	59	80	85		13	48
2024-07-09	08	26	32	34	53	58		25	78
2024-07-06	18	24	26	33	34	47		35	30
2024-07-05	10	21	23	26	35	50		87	76
2024-07-04	15	25	42	53	56	73		60	61
2024-07-02	04	07	39	71	79	89		01	11
2024-06-29	11	18	25	26	54	84		17	69
2024-06-28	21	26	33	34	45	86		28	80
2024-06-27	13	28	63	76	80	85		21	54
2024-06-25	03	18	49	63	68	82		78	51
2024-06-22	03	25	57	69	71	87		48	62
2024-06-21	21	23	28	59	79	82		74	81
2024-06-20	19	31	39	60	72	80		05	49
2024-06-18	20	32	49	50	51	58		44	59
2024-06-15	06	16	22	69	73	78		67	38
2024-06-14	15	60	82	85	86	87		45	42
2024-06-13	05	22	47	54	63	84		85	82
2024-06-11	14	27	34	47	73	88		52	52
2024-06-08	06	08	14	15	59	79		66	02
2024-06-07	39	51	52	58	72	84		11	37
2024-06-06	43	44	45	50	67	76		69	09
2024-06-04	04	18	28	41	61	75		17	72
2024-06-01	04	13	47	75	80	82		83	22
2024-05-31	14	20	24	49	83	84		62	45
2024-05-30	10	14	16	40	50	55		04	31
2024-05-28	19	41	67	76	82	85		23	10
2024-05-25	02	10	28	37	56	75		41	58
2024-05-24	02	36	39	50	59	64		19	03
2024-05-23	04	10	19	50	71	83		27	11
2024-05-21	03	28	49	72	83	84		05	17
2024-05-18	02	20	31	48	58	59		46	30
2024-05-17	13	14	41	53	60	65		05	45
2024-05-16	10	11	27	31	66	83		25	57
2024-05-14	11	27	39	43	61	85		52	43
2024-05-11	21	29	34	36	46	51		41	60
2024-05-10	06	20	40	55	71	80		12	75
2024-05-09	23	36	38	62	75	81		82	62
2024-05-07	21	23	30	45	68	85		53	89
2024-05-04	05	18	22	34	52	66		33	46
2024-05-03	17	23	43	48	52	66		88	03
2024-05-02	14	43	54	69	80	90		01	57
2024-04-30	06	07	11	20	33	81		74	08
2024-04-29	17	27	44	50	66	85		03	32
2024-04-27	24	27	41	54	62	63		37	37
2024-04-26	09	13	51	61	81	83		24	59
2024-04-23	08	12	20	24	45	73		04	03
2024-04-20	26	34	40	53	60	68		82	19
2024-04-19	09	18	65	70	75	87		53	81
2024-04-18	15	27	42	53	65	85		88	49
2024-04-16	01	03	11	53	75	81		61	26
2024-04-13	01	06	07	11	79	88		15	26
2024-04-12	10	23	47	49	84	85		05	24
2024-04-11	08	31	67	77	81	86		10	62
2024-04-09	15	23	31	45	51	58		60	64
2024-04-06	14	33	53	54	64	78		39	85
2024-04-05	23	40	42	60	62	63		26	80
2024-04-04	08	33	36	41	51	68		71	08
2024-04-02	28	39	40	44	72	76		52	52
2024-03-30	08	25	28	45	54	66		89	28
2024-03-29	20	30	32	38	61	67		60	06
2024-03-28	05	09	22	69	74	84		80	83
2024-03-26	02	24	43	74	81	85		63	40
2024-03-23	32	34	57	58	67	79		61	66
2024-03-22	13	16	59	66	77	79		82	75
2024-03-21	02	08	17	73	77	84		04	84
2024-03-19	04	19	58	60	67	82		48	29
2024-03-16	12	38	45	66	70	73		58	85
2024-03-15	05	06	07	50	72	74		82	26
2024-03-14	14	23	51	55	68	76		77	86
2024-03-12	07	25	46	67	69	86		23	77
2024-03-09	10	30	36	49	55	62		32	66
2024-03-08	09	16	23	50	53	79		55	84
2024-03-07	03	13	24	60	70	75		71	30
2024-03-05	16	43	53	79	80	82		74	61
2024-03-02	26	50	51	55	85	87		14	19
2024-03-01	05	16	44	61	80	90		25	16
2024-02-29	13	28	36	41	79	88		30	32
2024-02-27	27	33	41	73	79	90		34	39
2024-02-24	41	43	46	47	63	87		30	44
2024-02-23	38	54	57	66	74	88		75	57
2024-02-22	29	30	43	44	75	87		01	85
2024-02-20	05	30	36	43	48	78		79	51
2024-02-17	03	11	25	34	46	64		53	75
2024-02-16	20	30	37	83	88	89		77	66
2024-02-15	34	38	61	71	74	83		80	79
2024-02-13	27	34	37	42	53	76		60	55
2024-02-10	43	62	72	73	85	86		58	17
2024-02-09	06	22	29	42	48	66		56	81
2024-02-08	02	04	24	62	73	75		01	49
2024-02-06	26	34	39	46	54	89		13	11
2024-02-03	06	10	12	34	66	77		19	58
2024-02-02	02	35	38	44	68	83		50	73
2024-02-01	03	44	74	81	87	89		85	66
2024-01-30	05	10	76	82	83	89		25	49
2024-01-27	17	33	38	43	49	80		69	30
2024-01-26	24	32	36	47	50	78		62	72
2024-01-25	27	29	30	53	54	86		34	57
2024-01-23	11	15	16	42	48	52		01	16
2024-01-20	02	19	56	58	63	71		22	14
2024-01-19	21	22	28	50	55	68		38	35
2024-01-18	14	26	36	60	62	84		73	68
2024-01-16	21	39	51	59	68	86		63	48
2024-01-13	04	43	45	55	56	60		05	55
2024-01-12	11	23	25	72	78	84		20	40
2024-01-11	45	56	59	69	73	77		07	81
2024-01-09	10	19	23	39	40	83		73	13
2024-01-08	20	28	42	48	51	62		72	47
2024-01-04	07	09	29	51	60	70		59	41
2024-01-02	02	09	16	35	46	63		49	05


